Character to attribute mapping:
  ´: ?
  A: Albania
  B: Algeria
  C: Andorra
  D: Angola
  E: Argentina
  F: Armenia
  G: Aruba
  H: Australia
  I: Austria
  J: Bahrain
  K: Bangladesh
  L: Barbados
  M: Belgium
  N: Bonaire
  O: Bosnia and Herzegovina
  P: Botswana
  Q: Brazil
  R: Bulgaria
  S: Burundi
  T: Cambodia
  U: Canada
  V: Chile
  W: China
  X: Colombia
  Y: Costa Rica
  Z: Croatia
  [: Curacao
  \: Czech Republic
  ]: Democratic Republic of the Congo
  ^: Denmark
  _: Dominican Republic
  `: Ecuador
  a: Estonia
  b: Finland
  c: France
  d: Gambia
  e: Georgia
  f: Germany
  g: Ghana
  h: Greece
  i: Guadeloupe
  j: Guatemala
  k: Hong Kong
  l: India
  m: Indonesia
  n: Iran
  o: Iraq
  p: Ireland
  q: Israel
  r: Italy
  s: Japan
  t: Jordan
  u: Kenya
  v: Kosovo
  w: Kuwait
  x: Latvia
  y: Lebanon
  z: Liberia
  {: Liechtenstein
  |: Lithuania
  }: Luxembourg
  ~: Malawi
  : Malaysia
  : Maldives
  : Malta
  : Mauritius
  : Mexico
  : Moldova
  : Monaco
  : Montenegro
  : Morocco
  : Myanmar
  : Nepal
  : Netherlands
  : New Zealand
  : Nigeria
  : North Macedonia
  : Norway
  : Oman
  : Pakistan
  : Paraguay
  : Peru
  : Philippines
  : Poland
  : Portugal
  : Qatar
  : Republic of the Congo
  : Romania
  : Russia
  : Rwanda
  : Senegal
  : Serbia
  : Singapore
  : Sint Maarten
  : Slovakia
   : Slovenia
  ¡: South Africa
  ¢: South Korea
  £: South Sudan
  ¤: Spain
  ¥: Sri Lanka
  ¦: Suriname
  §: Sweden
  ¨: Switzerland
  ©: Taiwan
  ª: Thailand
  «: Turkey
  ¬: USA
  ­: Uganda
  ®: Ukraine
  ¯: United Arab Emirates
  °: United Kingdom
  ±: Uzbekistan
  ²: Vietnam
  ³: Zambia


Substitution rate (mu): 2.208897

Equilibrium frequencies (pi_i):
  A: 0.0127
  B: 0.0102
  C: 0.0121
  D: 0.0111
  E: 0.0128
  F: 0.0076
  G: 0.013
  H: 0.0032
  I: 0.0081
  J: 0.0052
  K: 0.0026
  L: 0.0118
  M: 0.0056
  N: 0.0134
  O: 0.0096
  P: 0.0038
  Q: 0.0058
  R: 0.0086
  S: 0.0114
  T: 0.0128
  U: 0.0039
  V: 0.0119
  W: 0.0067
  X: 0.0131
  Y: 0.0122
  Z: 0.0132
  [: 0.0131
  \: 0.0106
  ]: 0.0072
  ^: 0.0058
  _: 0.0125
  `: 0.0133
  a: 0.0123
  b: 0.0083
  c: 0.0034
  d: 0.0135
  e: 0.0082
  f: 0.0026
  g: 0.0059
  h: 0.0099
  i: 0.0116
  j: 0.0133
  k: 0.0042
  l: 0.0006
  m: 0.008
  n: 0.0098
  o: 0.0131
  p: 0.0045
  q: 0.0045
  r: 0.0034
  s: 0.0039
  t: 0.0127
  u: 0.0018
  v: 0.0117
  w: 0.0081
  x: 0.0124
  y: 0.0065
  z: 0.012
  {: 0.0131
  |: 0.0109
  }: 0.0087
  ~: 0.0081
  : 0.0082
  : 0.0057
  : 0.0114
  : 0.004
  : 0.0045
  : 0.0123
  : 0.0116
  : 0.013
  : 0.0128
  : 0.0128
  : 0.0016
  : 0.0073
  : 0.0051
  : 0.0123
  : 0.011
  : 0.0062
  : 0.0117
  : 0.0031
  : 0.0131
  : 0.0126
  : 0.0118
  : 0.0066
  : 0.0045
  : 0.0024
  : 0.0135
  : 0.0082
  : 0.0085
  : 0.004
  : 0.013
  : 0.0118
  : 0.005
  : 0.0133
  : 0.0117
   : 0.0097
  ¡: 0.0044
  ¢: 0.007
  £: 0.0049
  ¤: 0.0033
  ¥: 0.0087
  ¦: 0.0133
  §: 0.0074
  ¨: 0.007
  ©: 0.0119
  ª: 0.0115
  «: 0.0038
  ¬: 0.0016
  ­: 0.002
  ®: 0.012
  ¯: 0.0132
  °: 0.0021
  ±: 0.0094
  ²: 0.0085
  ³: 0.0119

Symmetrized rates from j->i (W_ij):
	A	B	C	D	E	F	G	H	I	J	K	L	M	N	O	P	Q	R	S	T	U	V	W	X	Y	Z	[	\	]	^	_	`	a	b	c	d	e	f	g	h	i	j	k	l	m	n	o	p	q	r	s	t	u	v	w	x	y	z	{	|	}	~																																		 	¡	¢	£	¤	¥	¦	§	¨	©	ª	«	¬	­	®	¯	°	±	²	³
  A	0	0.9672	0.9744	0.9751	0.9749	0.9453	0.9701	0.9371	0.9537	0.9358	0.9336	0.9754	0.9758	0.9741	0.9615	0.9394	0.946	0.9638	0.9761	0.9464	0.9373	0.9544	0.9542	0.9761	0.9623	0.9922	0.9697	0.9436	0.96	0.9399	0.9762	0.9559	0.9624	0.9449	0.9235	0.9643	0.9653	0.9256	0.9558	1.3404	0.97	0.9694	0.9528	0.8504	0.8768	0.9704	0.9761	0.9367	0.9335	1.1244	0.9313	0.975	0.9353	1.4451	0.9395	0.9694	0.9643	0.9475	0.9764	0.9537	0.9383	0.976	0.9426	0.9571	0.9672	0.9727	0.8957	0.9729	0.9693	0.9762	0.9746	0.9747	0.9086	0.9376	0.9571	0.9594	0.9687	1.3989	0.9749	0.9349	0.9758	0.971	0.9742	0.9389	0.9342	0.9536	0.9748	1.4203	1.2709	0.956	0.9665	0.9764	0.9462	0.97	0.9524	0.9589	0.1793	0.9519	0.9688	1.3057	0.9422	0.9754	1.1394	0.9394	0.9764	0.9434	0.9107	0.8654	0.9378	0.9647	0.9749	2.1153	0.9651	0.9722	0.9746
  B	0.9672	0	0.9695	0.9706	0.9695	0.949	0.9657	1.3899	0.9553	0.9425	0.9383	0.9706	0.9438	0.9685	0.9605	0.9462	0.9503	0.9632	0.9713	0.947	0.9445	0.9539	0.9564	0.9704	0.9599	0.9535	0.9652	0.946	0.9609	0.9456	0.9709	0.9542	0.9598	0.9482	1.4013	0.9609	0.9645	1.3615	0.9582	0.9605	0.9664	0.965	0.9532	0.8993	0.8929	0.9678	0.9703	0.944	0.941	1.2947	0.9393	0.9699	0.944	0.9639	0.9439	0.9653	0.9648	0.9483	0.9705	0.9538	0.9427	0.973	0.9464	0.9593	0.9643	0.9728	0.9104	0.9682	0.9657	0.9704	0.9693	0.9693	0.9291	0.9427	0.9597	1.4364	0.9656	0.953	0.9701	0.9427	0.9701	0.9667	0.9696	0.9445	0.9419	1.4655	0.9691	0.9432	0.8679	0.9593	0.9629	0.9712	1.7364	0.9654	0.9524	0.9586	0.4985	0.9419	0.9692	0.9116	0.9459	0.9697	0.9498	0.9744	0.9712	0.9452	0.9295	0.8865	0.9458	0.9619	0.9693	1.0128	0.9637	0.9697	0.9698
  C	0.9744	0.9695	0	0.9772	0.9774	0.9484	0.9762	0.9398	0.9566	0.9389	0.9319	0.9776	1.3678	0.9768	0.9639	0.9422	0.9487	0.9659	0.9782	0.9503	0.9403	0.9577	0.9567	0.9786	0.9653	0.9585	0.9724	0.9484	0.9623	0.975	0.9785	0.9594	0.9653	0.948	0.9775	0.9674	0.9675	0.9363	1.2871	0.964	0.9725	0.9721	0.9503	0.6833	0.8829	0.9726	0.9785	0.9992	0.9365	0.9073	0.9338	0.9775	0.9379	0.9741	0.9428	0.9719	0.9664	0.9512	0.9788	0.9567	1.9495	0.9776	0.9459	0.9593	0.9702	0.9739	0.9007	0.9754	1.1173	0.9785	0.977	0.9771	0.9127	0.9413	0.9592	0.9625	0.9711	1.0614	0.9771	0.9376	0.9782	0.9736	0.9765	1.0161	0.9374	0.9557	0.9774	0.9416	0.8549	0.958	0.9695	0.9786	0.9487	0.9727	1.4128	0.9616	0.2808	0.9395	0.9703	1.6157	0.9457	0.9779	0.9495	0.9691	0.9786	0.9471	0.9147	0.8711	0.9404	0.9675	0.9774	0.8539	0.9674	0.9741	0.9769
  D	0.9751	0.9706	0.9772	0	0.9778	0.9511	0.9735	0.9432	0.9584	0.9423	0.9357	0.9782	0.9438	0.9772	0.9653	0.9453	0.9513	0.9672	0.9786	0.9528	0.9434	0.9597	0.9587	0.9789	0.9667	0.9602	0.9732	0.9501	0.9639	0.9455	0.9789	0.9612	0.9666	0.9509	0.9307	0.9687	0.9687	0.9275	0.96	0.9655	0.9733	0.9732	0.9528	1.2268	0.89	0.9736	0.9789	0.9427	1.3755	0.9126	0.9376	0.978	0.9414	0.9706	0.946	0.9728	0.9676	0.9536	0.9791	0.9587	0.9448	0.978	0.9488	0.9611	0.9709	0.9746	0.9067	0.976	0.9726	0.9789	0.9775	0.9776	1.1892	0.944	0.961	0.9642	0.972	0.9541	0.9776	1.2272	0.9787	0.9744	0.977	0.9449	0.9407	0.9575	0.9779	0.9448	0.8635	1.4399	0.9707	0.9789	0.9514	0.9735	0.9577	0.9631	0.3046	0.9428	0.9714	0.907	0.9486	0.9783	0.9517	0.9455	0.9789	0.9499	0.9198	1.3004	0.9435	0.9688	0.9778	0.8625	0.9687	0.9747	0.9774
  E	0.9749	0.9695	0.9774	0.9778	0	0.9467	0.9733	0.9374	0.9552	0.9366	0.929	0.9783	0.9384	0.9774	0.9635	0.94	1.2368	0.9654	0.9789	0.9493	0.9378	0.9573	0.9556	0.9795	0.9654	0.9577	0.9729	0.9459	0.9616	0.9402	0.9792	0.9589	0.9652	0.9466	0.9234	0.9675	0.9672	0.9195	0.957	0.9636	0.9728	0.9727	0.9491	0.8747	0.8777	0.9727	0.9793	0.937	0.9339	0.9027	0.9312	0.9781	0.9354	0.9696	0.9411	0.9723	0.9658	0.9502	0.9796	0.9559	0.9398	0.978	0.9443	0.9583	0.9698	0.9737	2.0835	0.9759	0.972	0.9794	0.9777	0.9778	0.9084	0.9653	0.9581	0.9623	0.9713	0.9503	0.9777	0.935	0.979	0.9742	0.977	0.9396	0.9348	0.9811	0.9782	0.9396	0.848	0.9569	0.9697	0.9793	0.947	0.9732	0.9547	0.9609	0.1783	0.9374	0.9699	0.8964	0.944	0.9787	0.9476	0.9404	0.9793	0.9458	0.911	0.9979	0.9379	0.9675	0.9782	0.8464	0.9673	0.9742	0.9775
  F	0.9453	0.949	0.9484	0.9511	0.9467	0	0.9441	0.9487	0.9471	0.9425	0.9498	1.1191	0.9435	0.9449	1.1647	0.9483	0.9475	1.0721	0.9509	0.9306	0.9467	1.4063	0.9497	0.9468	0.9412	1.1051	1.0539	0.9356	0.9524	0.9448	0.9487	0.935	0.9416	1.4127	0.9413	0.9392	1.057	1.1638	0.9692	0.9755	0.9471	0.9426	1.0345	1.0295	0.9002	1.4277	0.9467	0.9452	2.4768	1.1952	1.1792	0.9479	0.9508	0.9452	0.9377	0.9453	1.3477	0.9332	0.9469	1.9166	1.8431	0.9588	0.9394	0.9539	0.9461	0.9674	0.92	0.9472	0.9469	0.9474	0.9467	0.9466	1.2512	0.941	0.956	0.966	0.953	0.9721	0.9495	0.9514	0.9764	0.9453	0.949	1.3565	0.9439	0.9606	0.945	1.7512	4.7235	0.9574	0.9418	0.9501	0.9494	0.943	0.9383	0.9455	1.0408	1.7269	0.9629	0.9242	0.9383	0.946	0.945	1.0341	0.9499	0.932	1.2418	0.9069	0.9517	0.9444	0.9458	1.3412	1.0431	0.9555	0.9488
  G	0.9701	0.9657	0.9762	0.9735	0.9733	0.9441	0	0.9365	0.9526	0.9349	0.9281	0.9738	0.9902	1.8248	0.96	0.9387	0.9457	0.9626	0.9745	0.9443	0.9365	0.9529	0.9532	0.9744	0.9608	1.2218	2.7398	1.3034	0.959	0.9385	0.9744	0.9538	0.9605	0.9434	1.8337	0.9623	0.9641	0.9977	0.955	0.96	0.9685	0.9674	0.9476	0.6711	0.8744	0.9694	0.9742	0.9356	0.9323	0.9029	0.93	0.9733	0.9349	0.9662	0.9379	0.9675	0.9635	0.9455	0.9746	0.9526	0.9691	0.975	0.9413	0.9563	0.9656	0.9726	1.1943	0.9711	0.9877	0.9743	0.9728	0.9728	0.9083	2.0517	0.9567	0.9575	1.4503	0.9484	0.9733	0.934	0.9739	0.9692	0.9725	0.9379	0.9528	0.9534	0.9729	0.937	0.8454	0.9557	0.9647	0.9748	0.9452	0.996	0.9764	0.9581	0.2033	0.9347	0.9684	1.1785	0.9408	0.9736	1.8007	0.9382	0.9747	0.9414	0.9097	1.7279	0.9375	0.9629	0.973	1.6895	0.9638	0.9711	0.973
  H	0.9371	1.3899	0.9398	0.9432	0.9374	0.9487	0.9365	0	1.0779	1.1497	1.8797	0.9411	0.9546	0.9354	0.9449	0.9593	0.9568	0.9878	0.9425	0.9305	1.1112	1.7836	0.9539	0.9368	0.9367	0.9319	0.9353	0.939	1.0442	1.4334	0.9393	0.9316	0.9361	0.9459	1.0992	0.9329	0.9509	1.4967	0.9562	1.2343	0.9406	0.935	0.9613	5.2967	1.4293	0.9473	0.9366	1.726	1.3661	0.9603	1.4485	0.9386	0.965	0.9395	0.9446	0.9375	0.9566	0.9335	0.9368	0.9405	0.9589	0.9532	0.9452	1.7007	0.941	0.9669	0.9463	0.9385	0.9402	0.9369	0.9375	0.9374	1.4943	0.9711	1.6548	0.9505	0.9421	0.9547	1.3959	0.9607	0.9366	0.9377	0.941	1.2195	1.4657	1.2724	0.935	1.0226	0.9193	0.9624	0.9354	0.941	1.4237	0.9653	1.3451	1.0871	4.1476	0.9491	1.4786	1.0701	0.944	0.9361	1.2414	1.4376	0.9408	0.9345	0.9602	2.3409	1.4315	0.9376	0.9361	1.4316	0.963	0.9509	0.9403
  I	0.9537	0.9553	0.9566	0.9584	0.9552	0.9471	0.9526	1.0779	0	0.9496	1.1961	0.9576	1.5902	0.9539	1.1414	0.9491	0.9504	0.9805	0.9585	0.9376	0.9921	0.9452	0.953	0.9554	0.9486	1.1753	0.9523	1.9881	0.9563	1.1109	0.9568	1.3727	0.9493	0.9447	2.4908	0.948	1.1559	1.5855	0.9557	0.9525	1.349	0.9511	0.9544	1.4663	0.9007	0.9582	0.9553	1.4238	1.2641	1.2092	1.7136	0.9559	0.9495	0.9526	0.9414	0.953	0.9603	0.9397	0.9557	1.0468	1.889	0.9641	0.9434	1.9136	1.0453	0.9696	0.9198	0.9553	1.4409	1.0166	0.9552	0.955	1.1868	0.9474	1.1711	0.9468	0.9547	1.5743	1.0769	1.1798	0.9552	0.9533	0.9571	0.9495	0.955	0.9633	0.9538	0.9426	3.4743	0.9589	1.2762	0.9579	0.9745	0.9516	0.9942	1.0677	0.9203	0.9421	1.4609	1.1283	0.9426	0.9555	1.6614	1.1687	0.9577	0.9381	0.9306	1.1638	0.9509	1.427	0.9545	1.3376	1.1944	0.961	0.9567
  J	0.9358	0.9425	0.9389	0.9423	0.9366	0.9425	0.9349	1.1497	0.9496	0	0.952	0.9403	0.9591	0.9345	0.9417	0.9608	0.9483	0.9464	0.9418	0.9257	0.9524	0.9322	0.9492	0.9362	0.9339	0.9279	0.9337	0.9341	0.9497	0.9462	0.9386	0.928	0.9333	1.4039	1.0508	0.9308	0.9481	0.9486	0.9518	0.9411	0.9389	0.9332	0.9546	3.3431	0.9123	0.9453	0.936	0.9492	0.9479	1.5069	0.9488	0.9377	0.9569	0.9373	1.8769	0.9358	0.9535	0.9289	0.9363	0.9348	0.9363	0.9523	0.9392	0.9544	0.9387	0.992	1.2381	0.9375	0.9384	0.9363	0.9366	0.9365	1.6154	1.2107	1.4422	0.9326	0.9402	0.9486	0.9474	0.9525	0.936	0.9413	0.9398	0.9433	0.9885	0.963	0.9343	0.9924	0.8974	0.9581	0.9334	0.9404	1.2225	0.9334	0.9454	0.9407	1.9055	0.9414	0.9606	1.0764	0.9377	0.9353	0.9439	0.9427	0.9402	0.9289	0.94	0.9485	0.9574	0.9352	0.9354	0.9175	0.9528	0.9494	0.9394
  K	0.9336	0.9383	0.9319	0.9357	0.929	0.9498	0.9281	1.8797	1.1961	0.952	0	0.9333	0.9897	0.9265	0.9391	1.6306	1.3904	0.9443	0.935	0.9296	1.0053	0.9295	0.9491	0.9282	0.9292	0.924	0.9269	0.9332	0.9492	1.4279	0.9314	0.9237	0.9284	0.9417	1.6172	0.9246	0.9459	0.9721	0.953	0.9384	0.9331	0.9265	0.9592	6.9384	1.3914	0.9408	0.928	0.9835	1.2469	2.5037	1.479	0.9304	0.9897	0.9321	0.9409	0.9297	0.9527	0.9271	0.9282	0.933	0.9392	0.9477	0.9411	0.9541	0.9338	0.9641	0.9466	0.9306	0.9328	0.9284	0.9291	0.9289	1.1373	0.9465	0.9568	0.9319	0.935	0.9514	0.9762	0.9682	0.928	0.9294	0.9812	1.1749	1.5412	1.2292	0.9262	0.993	0.9193	0.9605	0.9274	0.9332	0.9552	0.9264	0.9301	0.9384	4.8387	1.4234	0.96	1.2876	1.3433	0.9273	0.9519	0.9965	0.933	0.9283	0.995	1.5626	0.9655	0.9301	0.9276	0.9481	0.9414	0.9452	0.9325
  L	0.9754	0.9706	0.9776	0.9782	0.9783	1.1191	0.9738	0.9411	0.9576	0.9403	0.9333	0	0.9421	0.9777	0.965	0.9434	0.95	0.9712	0.9791	0.9518	0.9414	0.9591	0.9577	0.9795	0.9665	1.4246	0.9734	0.9626	0.9633	0.9437	0.9794	0.9607	0.9711	0.9495	0.9283	0.9686	0.9686	0.9356	0.9592	0.9651	0.9734	0.9732	0.9516	1.0269	0.8855	0.9736	0.9794	0.9407	0.9381	0.909	0.947	0.9785	0.9417	0.9706	0.9444	0.973	0.9674	0.9526	0.9797	0.9585	0.9433	0.9783	0.9474	0.9603	0.9707	0.9744	0.903	0.9764	0.9727	0.9795	0.978	0.9781	1.282	0.9422	0.9722	1.0264	0.9721	0.953	0.9781	0.9389	1.0469	0.9747	0.9774	0.9436	0.9387	1.0316	0.9784	0.9433	0.9531	0.9589	0.9705	0.9794	0.9499	0.9738	0.9571	0.9627	0.2577	0.9412	0.971	0.9145	0.9471	0.9789	0.9505	0.9439	0.9794	0.9487	0.9165	0.8738	0.9416	0.9719	0.9784	1.2847	0.9684	0.9748	0.9786
  M	0.9758	0.9438	1.3678	0.9438	0.9384	0.9435	0.9902	0.9546	1.5902	0.9591	0.9897	0.9421	0	0.9365	0.943	0.9596	0.9497	1.435	0.9437	0.9266	1.3174	0.9468	0.9492	0.9381	0.9354	0.9299	1.3766	1.029	1.9019	1.3045	0.9404	0.9294	0.9347	0.9407	3.0899	0.932	1.1854	2.071	0.9529	0.9426	0.9407	0.9348	1.5147	1.2851	0.9108	1.1535	0.9379	1.4413	1.408	1.0547	0.9966	1.2986	0.9566	1.4392	0.9385	0.9374	1.3546	0.9296	0.9384	0.9364	1.8684	0.9537	0.9395	0.9539	0.9401	0.9661	0.9305	0.9391	1.404	0.9383	1.3769	0.9383	1.5693	2.8532	1.0299	0.9341	0.9416	1.1009	0.9575	1.0285	0.9378	0.9378	1.2513	0.9458	1.7104	0.9911	0.9378	2.8087	0.8989	0.9587	0.9358	0.9422	1.0069	0.961	1.2337	1.4094	1.9915	0.941	1.0431	3.9181	1.3887	0.9379	1.0951	1.2139	0.942	0.9296	1.3845	1.2933	0.9586	0.9368	0.9374	1.8018	0.9457	0.9507	0.9411
  N	0.9741	0.9685	0.9768	0.9772	0.9774	0.9449	1.8248	0.9354	0.9539	0.9345	0.9265	0.9777	0.9365	0	0.9622	0.938	0.9453	0.9644	0.9783	0.9473	0.9358	0.9556	0.9541	0.9787	0.9639	1.0387	0.9824	1.6302	0.9603	0.9383	0.9786	0.9574	0.964	0.9448	0.9288	0.9663	0.9661	0.9215	0.9557	0.9625	0.9719	0.9716	0.9469	0.6623	0.8731	0.972	0.9787	0.9349	0.9316	0.8994	0.9289	0.9774	0.9332	0.9686	0.9389	0.9714	0.9648	0.9483	0.979	0.9543	0.9849	0.9775	0.9424	0.9569	0.9689	0.9732	0.8926	0.9752	0.9712	0.9787	0.977	0.9771	0.9053	3.2636	0.9568	0.9609	0.9704	0.9486	0.9771	0.9328	0.9784	0.9732	0.9763	0.9378	0.9326	0.9525	0.9775	0.9373	0.8431	0.9555	0.9687	0.9787	0.9452	1.4604	1.3803	0.9599	0.1715	0.9351	0.9692	1.0505	0.942	1.4704	1.5323	0.9384	0.9787	0.9438	0.9078	0.8603	0.9359	0.9664	0.9774	0.8413	0.9665	0.9735	0.9768
  O	0.9615	0.9605	0.9639	0.9653	0.9635	1.1647	0.96	0.9449	1.1414	0.9417	0.9391	0.965	0.943	0.9622	0	0.9458	1.4138	0.9596	0.9658	0.9423	0.9444	0.9493	0.9542	0.964	0.9548	1.8975	0.9592	0.9427	0.9583	0.9443	0.9648	0.9489	0.9547	0.9457	1.1898	0.9549	0.9611	0.9323	0.9563	0.9566	0.9612	0.9589	0.9523	0.8161	0.8934	0.9637	0.9639	1.8779	0.9409	0.9183	0.9398	1.4331	0.9447	1.1808	0.9417	0.9597	0.9623	0.9439	0.9642	0.9499	0.9404	0.9691	0.944	0.9575	0.9593	0.971	0.9119	0.9625	0.9606	0.9641	0.9632	0.9632	0.9245	0.9412	1.0393	0.9525	1.4279	0.9802	0.9646	0.9429	0.9637	0.9608	0.964	0.945	0.9413	0.9582	0.9626	0.9414	1.3108	0.9584	0.9572	0.9655	0.95	0.9593	1.1569	1.4331	0.5638	1.0589	0.9671	0.9135	0.9433	0.9633	0.9478	0.9428	0.9655	0.9413	0.9237	1.7271	0.9464	0.9567	0.963	1.1149	0.9597	0.9658	0.9641
  P	0.9394	0.9462	0.9422	0.9453	0.94	0.9483	0.9387	0.9593	0.9491	0.9608	1.6306	0.9434	0.9596	0.938	0.9458	0	0.9915	0.9502	0.9448	0.9319	0.9569	0.9375	0.9527	0.9396	0.9384	0.9334	0.9377	0.9388	0.9536	0.966	0.942	0.9333	0.9379	1.4055	0.9558	0.9351	0.9519	1.0123	0.9559	0.9453	0.9428	0.9371	0.9591	2.4175	0.9246	0.9486	0.9394	0.9547	0.9622	1.4789	1.4026	0.9413	0.9623	0.9415	0.9443	0.9397	0.9717	0.9348	0.9397	0.9404	0.9432	0.9547	0.9449	0.9569	0.9431	0.9669	0.9422	0.941	0.9423	0.9397	0.9401	0.9399	1.0299	0.9468	0.9589	0.9374	0.9438	0.9534	0.9433	0.9584	0.9393	0.9399	0.9439	0.9494	1.2101	1.4464	0.9378	0.9444	0.9134	0.9617	0.9374	0.9435	0.9562	0.9373	0.9378	1.4078	3.0995	0.9474	0.9631	1.2129	0.9435	0.9388	0.9667	1.8986	0.9433	0.9352	0.95	0.9399	0.9692	0.9395	0.9389	0.9417	0.9482	0.9522	0.9428
  Q	0.946	0.9503	0.9487	0.9513	1.2368	0.9475	0.9457	0.9568	0.9504	0.9483	1.3904	0.95	0.9497	0.9453	1.4138	0.9915	0	0.9529	0.9512	0.9347	0.9525	0.9409	0.9529	0.9471	0.9434	0.9377	0.9442	0.9394	0.9548	0.9489	0.9488	0.9378	0.9428	0.945	1.5291	0.9409	0.9544	0.9532	0.9675	0.9484	0.948	0.9435	1.0383	0.8179	0.9138	0.9531	0.9468	0.9505	0.9492	0.9377	0.9496	0.9503	0.9565	0.9464	0.9428	0.9457	0.9931	0.9372	0.9471	0.9429	0.9412	0.9591	0.9444	0.9569	0.9473	0.9682	2.6652	0.9474	0.948	0.9471	0.947	0.947	0.945	0.9442	0.9584	0.9418	0.9512	1.4281	0.9497	0.953	0.9467	0.9466	0.9494	0.9468	1.4243	0.973	0.9453	0.9424	1.3461	0.9605	1.4149	0.9502	0.9537	0.9439	0.9403	0.9478	1.7873	1.332	0.9643	1.8299	0.943	0.9462	0.9484	1.4972	0.95	0.9511	0.9398	1.0189	0.9574	0.9446	0.9462	0.9122	0.9513	0.9564	0.9492
  R	0.9638	0.9632	0.9659	0.9672	0.9654	1.0721	0.9626	0.9878	0.9805	0.9464	0.9443	0.9712	1.435	0.9644	0.9596	0.9502	0.9529	0	0.9677	0.9464	0.9496	0.9772	0.9574	0.966	0.9577	0.9523	0.9621	0.9948	0.9613	0.9515	0.9669	0.9524	1.5902	0.9499	1.2483	0.9578	0.964	1.0988	0.9595	1.3752	0.9641	0.9614	1.3248	0.8706	1.481	0.9658	0.9659	0.9482	1.2749	1.2392	1.348	0.9661	0.9527	0.9619	0.9462	0.9625	0.9649	0.948	0.9661	0.954	1.0297	0.9707	0.9483	0.9609	0.9622	0.9727	0.9196	0.9653	0.9634	0.9662	0.9653	0.9653	1.0858	1.6297	0.9753	0.9565	0.9661	0.9852	0.9666	0.9479	0.9657	0.9633	0.9663	0.948	1.1475	1.0512	0.9647	0.9468	3.0799	0.9612	0.9601	0.9674	0.954	0.9617	1.4317	0.9582	0.7779	0.9456	0.9692	0.932	0.9476	0.9654	1.011	0.9486	0.9673	0.9458	0.9305	1.2636	0.9509	1.5592	0.965	2.1715	0.9625	0.9677	0.9904
  S	0.9761	0.9713	0.9782	0.9786	0.9789	0.9509	0.9745	0.9425	0.9585	0.9418	0.935	0.9791	0.9437	0.9783	0.9658	0.9448	0.9512	0.9677	0	0.9532	0.9429	0.9601	0.9588	0.98	0.9674	0.9608	0.9741	0.95	0.9642	0.9451	0.98	0.9618	0.9674	0.9507	1.2413	0.9695	0.9691	0.9269	0.9601	0.9659	0.9742	0.974	0.9526	0.6947	0.8888	0.9741	0.98	0.9421	0.9395	0.9115	0.9368	0.979	0.9408	0.9713	0.9458	0.9737	0.9679	0.954	0.9802	0.9592	0.9448	0.9787	0.9487	0.9612	0.9715	0.9749	0.9056	0.977	0.9735	0.98	0.9786	0.9787	0.9166	0.9437	0.9611	0.9648	0.9728	0.9541	0.9785	0.9405	0.9797	0.9754	0.978	0.9448	0.9402	0.9573	0.979	0.9446	0.8616	0.9598	0.9713	0.9799	0.9511	0.9745	0.9581	0.9636	0.3313	0.9426	1.4607	0.9057	0.9485	0.9794	0.9517	0.9454	0.9799	0.9501	0.9188	0.8772	1.4132	0.9695	0.9789	0.8603	0.9691	0.9754	0.9784
  T	0.9464	0.947	0.9503	0.9528	0.9493	0.9306	0.9443	0.9305	0.9376	0.9257	0.9296	0.9518	0.9266	0.9473	0.9423	0.9319	0.9347	0.9464	0.9532	0	0.9297	0.9314	0.941	0.95	0.9385	0.9292	0.9435	0.9232	0.9458	0.9279	0.9512	0.9303	0.9381	0.9288	0.9164	0.9379	0.9489	0.9141	0.9442	0.9417	0.947	0.943	0.9394	0.7212	0.863	0.9508	0.9497	0.9274	0.9245	0.896	0.9228	0.9497	0.9315	0.9437	0.924	0.9447	0.9512	0.9247	0.9501	0.9324	0.9215	0.9596	0.9269	0.9458	0.9446	0.9646	0.8876	0.9484	0.9461	0.95	0.949	0.949	0.9053	0.9233	0.9468	0.9355	0.9469	0.9368	0.9513	0.9284	0.9495	0.946	0.9504	0.9258	0.9253	0.9487	0.9478	0.9223	0.8333	0.9481	0.9409	0.9527	0.9362	0.9437	0.9295	0.9396	0.2513	0.9226	0.9589	0.8898	0.9256	0.9488	0.9409	0.9255	0.9525	7.6495	0.9033	0.862	0.9338	0.941	0.9485	0.8428	0.9464	0.955	0.9507
  U	0.9373	0.9445	0.9403	0.9434	0.9378	0.9467	0.9365	1.1112	0.9921	0.9524	1.0053	0.9414	1.3174	0.9358	0.9444	0.9569	0.9525	0.9496	0.9429	0.9297	0	4.0769	0.9531	0.9373	1.413	0.9314	0.9356	0.9719	0.9541	1.3547	0.9396	0.9338	0.9358	0.944	1.3261	0.9328	0.9505	1.0822	0.9549	0.9437	0.9405	1.4279	0.9596	4.6891	0.9514	0.9473	0.9371	1.4367	0.9727	0.9581	0.9879	0.939	0.9628	0.9394	0.9428	0.9376	0.9575	0.9326	0.9373	0.9382	0.9813	0.9533	0.9461	0.9597	0.9407	0.9693	0.9421	0.9388	0.9404	0.9375	0.9464	0.9377	1.0684	0.9469	1.0626	0.9354	0.9419	0.9936	1.425	0.9981	0.937	0.9378	0.9412	0.9488	0.9547	1.7064	0.9355	0.9563	0.9172	1.4443	0.9354	0.9414	0.9555	0.976	1.2318	0.9436	3.1139	0.9509	0.967	1.0402	1.3949	0.9368	0.9535	0.9591	0.9412	0.9905	0.9576	3.3058	1.333	0.9374	1.7823	1.4691	0.9464	0.9508	0.9407
  V	0.9544	0.9539	0.9577	0.9597	0.9573	1.4063	0.9529	1.7836	0.9452	0.9322	0.9295	0.9591	0.9468	0.9556	0.9493	0.9375	0.9409	0.9772	0.9601	0.9314	4.0769	0	0.9469	0.9579	1.5066	0.9387	0.9524	1.0657	0.9516	0.9609	0.9587	1.4055	1.8244	0.9361	0.9754	0.9465	0.955	0.9211	0.9496	0.9491	1.3968	1.1733	0.9471	0.6907	0.874	0.958	0.9576	0.9341	0.931	1.3597	1.0131	0.9574	0.9363	0.9515	0.9314	0.9528	0.9567	0.9335	0.958	0.9406	0.9319	0.9648	0.9343	0.9511	0.9522	0.9679	1.6827	0.956	1.0749	0.9579	0.9568	0.9567	1.0357	0.9318	0.9527	0.9448	0.954	0.9434	0.9588	0.934	0.9574	1.9226	0.9578	0.9914	1.0506	0.9528	0.9559	0.9307	1.6918	0.9529	0.9493	0.9598	0.9419	0.9528	0.9515	0.9471	0.2587	0.9301	0.963	2.1301	0.9332	1.0455	1.0031	1.0364	0.9597	0.9306	0.9107	3.9741	0.9384	0.9492	0.9565	1.713	0.9532	0.9607	0.9581
  W	0.9542	0.9564	0.9567	0.9587	0.9556	0.9497	0.9532	0.9539	0.953	0.9492	0.9491	0.9577	0.9492	0.9541	0.9542	0.9527	0.9529	0.9574	0.9588	0.941	0.9531	0.9469	0	0.9558	0.9503	0.9448	0.9524	0.9437	0.9581	1.0619	0.9571	0.9452	0.95	0.9482	1.3281	0.9491	0.9588	0.9761	0.9578	0.9538	0.9553	0.9521	0.9568	1.5469	1.3667	0.959	0.9556	0.9506	0.9486	0.9335	1.1222	0.9564	0.9539	0.9535	0.9454	0.9535	0.9615	0.943	0.9559	0.9481	0.9439	0.9644	0.947	0.9607	0.9543	0.9702	0.928	0.9555	0.9548	0.9558	0.9555	1.9911	0.9399	0.9457	0.9609	0.9487	0.9556	0.9545	0.9575	0.9515	0.9555	0.9542	0.9571	0.948	0.9488	0.9633	0.9543	1.4703	0.8933	0.9612	0.9512	0.9581	0.9595	0.9523	0.9461	0.9528	1.2356	0.9467	0.9666	0.9298	0.9461	0.9551	0.9527	0.9474	0.958	1.4126	0.937	0.931	0.9551	0.9518	0.955	0.9074	0.9664	0.9617	0.9571
  X	0.9761	0.9704	0.9786	0.9789	0.9795	0.9468	0.9744	0.9368	0.9554	0.9362	0.9282	0.9795	0.9381	0.9787	0.964	0.9396	0.9471	0.966	0.98	0.95	0.9373	0.9579	0.9558	0	0.9664	0.9586	0.974	0.9461	0.9619	0.9399	0.9805	0.9599	0.9661	0.9466	0.9226	0.9687	0.9677	0.9186	0.9572	0.9642	0.9738	0.9738	0.9484	0.6652	0.8766	0.9735	0.9807	0.9365	0.9334	0.9015	0.9305	0.9794	0.9347	0.9706	0.9411	0.9734	0.9661	0.9508	0.981	0.9565	0.9398	0.9788	0.9444	0.9584	0.9707	0.9739	1.7902	0.9771	0.973	0.9807	0.979	0.9791	0.9072	0.9385	0.9581	0.9632	0.9722	0.9502	0.9789	0.9344	0.9804	0.9753	0.9782	0.9395	0.9343	0.9535	0.9796	0.9395	0.8464	0.9568	0.9707	0.9805	0.9468	0.9744	0.9553	0.9615	0.1753	0.9372	0.9702	0.8951	0.9442	0.9801	0.9476	0.9402	0.9805	0.9463	0.91	0.8632	0.9373	0.9685	0.9795	0.8443	0.9679	0.975	0.9787
  Y	0.9623	0.9599	0.9653	0.9667	0.9654	0.9412	0.9608	0.9367	0.9486	0.9339	0.9292	0.9665	0.9354	0.9639	0.9548	0.9384	0.9434	0.9577	0.9674	0.9385	1.413	1.5066	0.9503	0.9664	0	0.946	0.9601	0.9376	0.9555	0.9369	0.9667	1.4206	1.5354	0.9403	0.9232	0.9548	0.9597	0.9201	0.9525	0.9546	0.9615	2.9628	0.9464	0.6805	0.8758	0.9635	0.966	0.9349	0.932	0.9034	0.9302	0.9655	0.9359	0.9585	0.9353	0.9603	0.9601	0.9402	0.9663	0.9466	0.9336	0.9699	0.9383	0.9538	0.9593	0.97	2.1888	0.9637	0.9609	0.9662	0.9649	0.9649	0.9236	0.934	0.9543	0.9511	0.9608	0.9458	0.966	0.9344	0.9658	0.9619	0.9652	0.9355	0.9329	0.953	0.9646	0.9339	0.8473	0.9543	0.9572	0.9674	0.9439	0.9603	0.9447	0.9524	0.276	0.9329	0.9656	0.8974	0.9376	0.9654	0.9422	0.9357	0.9673	0.9366	0.9109	1.6363	0.9382	0.9562	0.9649	0.8509	0.9585	0.966	0.9656
  Z	0.9922	0.9535	0.9585	0.9602	0.9577	1.1051	1.2218	0.9319	1.1753	0.9279	0.924	1.4246	0.9299	1.0387	1.8975	0.9334	0.9377	0.9523	0.9608	0.9292	0.9314	0.9387	0.9448	0.9586	0.946	0	0.9527	1.0442	0.9501	0.932	0.9595	0.9383	1.0953	0.9334	0.9197	0.9462	0.9543	1.3716	0.9656	0.948	0.9546	0.9516	0.9417	0.6648	0.8646	0.9572	0.9585	0.9296	0.9267	0.8971	0.9256	0.9581	0.932	0.9514	0.9281	0.9534	0.9628	0.9314	0.959	0.9401	0.9343	0.9651	0.9311	0.9492	0.9524	0.9673	0.888	0.9569	0.9542	0.9589	0.9575	0.9575	0.9409	1.2176	0.9506	0.943	0.9542	1.4641	0.9592	0.9296	0.9583	0.9541	0.9583	1.3301	0.9273	0.955	0.9567	0.9588	1.571	0.9502	0.9492	0.9606	0.9387	0.9523	1.759	2.0282	0.1896	0.9677	0.9622	1.6894	0.9301	0.9577	0.9372	0.9299	0.9605	0.9278	0.904	0.8601	0.9341	0.9499	0.9572	0.8772	0.9525	0.9606	0.9586
  [	0.9697	0.9652	0.9724	0.9732	0.9729	1.0539	2.7398	0.9353	0.9523	0.9337	0.9269	0.9734	1.3766	0.9824	0.9592	0.9377	0.9442	0.9621	0.9741	0.9435	0.9356	0.9524	0.9524	0.974	0.9601	0.9527	0	0.9699	0.9583	1.3419	0.9741	0.9532	0.9742	0.9427	1.1077	0.9617	0.9637	1.8519	0.9542	0.9596	0.968	0.967	0.9466	0.6818	0.8728	0.9687	0.9738	0.9345	0.9316	0.9889	0.929	0.9728	0.9338	0.9648	0.937	0.9674	0.9631	0.9448	0.9742	0.9515	1.1031	0.9746	0.9402	0.9555	0.9652	0.9719	1.0294	0.9713	1.0819	0.9742	0.9724	0.9725	0.9078	1.7309	0.9557	0.957	0.9672	1.0099	0.9729	0.933	0.9736	0.9688	0.9722	0.941	1.0347	0.9524	0.9725	1.3027	1.4459	0.9547	0.9642	0.9791	0.9444	2.9196	0.9562	0.9568	0.1757	0.934	0.9677	0.9072	0.9398	1.4549	1.4104	0.9373	0.9744	0.9406	0.9082	1.131	0.9362	0.9793	0.9726	0.8686	0.9634	0.9706	0.9725
  \	0.9436	0.946	0.9484	0.9501	0.9459	0.9356	1.3034	0.939	1.9881	0.9341	0.9332	0.9626	1.029	1.6302	0.9427	0.9388	0.9394	0.9948	0.95	0.9232	0.9719	1.0657	0.9437	0.9461	0.9376	1.0442	0.9699	0	0.9477	0.9408	0.9477	0.9299	1.9045	0.9332	1.1485	0.9374	0.9494	1.3359	0.9469	0.945	0.945	0.9404	0.9456	1.4746	0.8777	0.95	0.9458	0.9846	0.9328	1.5164	1.1739	0.9463	1.0175	0.9422	0.9286	1.4133	0.9527	0.926	0.9462	1.4018	2.2542	0.9577	1.1652	0.9486	0.9767	0.9838	1.2506	0.9456	0.9446	0.9464	0.9455	0.9454	1.1249	3.3073	1.4705	0.9349	0.9452	0.9447	0.9486	0.9384	0.9457	0.9434	0.9478	1.8862	0.9333	0.9602	0.9439	0.9304	2.6101	0.9515	1.264	0.9492	0.9419	0.941	1.9811	1.0296	0.512	0.9291	1.4372	2.5456	0.9301	1.3465	1.141	0.9334	0.949	0.924	2.2779	1.2635	0.9414	0.958	0.9447	1.4039	0.9479	0.9536	0.9478
  ]	0.96	0.9609	0.9623	0.9639	0.9616	0.9524	0.959	1.0442	0.9563	0.9497	0.9492	0.9633	1.9019	0.9603	0.9583	0.9536	0.9548	0.9613	0.9642	0.9458	0.9541	0.9516	0.9581	0.9619	0.9555	0.9501	0.9583	0.9477	0	1.4265	0.963	0.9505	0.9552	0.9515	1.7179	0.955	0.9626	0.9443	0.9601	0.9581	1.4408	0.9581	0.9583	1.5498	0.936	0.9636	0.9618	0.951	0.9493	1.3994	0.9489	0.9623	0.9538	0.9587	0.9479	0.959	1.4464	0.9475	0.962	0.9529	0.9467	0.9684	0.9498	0.9611	0.9594	0.9722	0.9272	0.9611	0.96	0.9619	0.9615	0.9614	0.9499	0.949	1.4429	0.9538	0.9606	0.9568	0.963	0.9519	0.9617	0.9599	0.9628	0.9499	0.9499	1.0138	2.8804	0.9475	0.8923	1.4445	1.4352	0.9637	0.9561	0.9583	0.951	0.9568	1.0217	1.0616	0.9691	0.932	0.9491	0.9613	0.953	0.959	0.9636	0.9458	0.9366	0.9121	1.1996	0.9569	0.9611	0.9001	0.9608	0.9657	0.9626
  ^	0.9399	0.9456	0.975	0.9455	0.9402	0.9448	0.9385	1.4334	1.1109	0.9462	1.4279	0.9437	1.3045	0.9383	0.9443	0.966	0.9489	0.9515	0.9451	0.9279	1.3547	0.9609	1.0619	0.9399	0.9369	0.932	1.3419	0.9408	1.4265	0	0.9422	0.9309	1.2375	0.9415	2.5126	0.9339	0.9512	3.136	0.9532	1.0465	0.942	0.9366	1.2434	2.1317	1.3535	0.9484	0.9397	1.5512	1.4426	1.4195	1.2461	0.9413	0.9708	0.9415	0.939	1.3882	1.0959	0.9309	0.9402	0.938	1.2836	0.9548	0.9401	0.9543	0.9425	0.9661	0.9304	0.9412	0.9942	0.9404	0.9402	0.9401	1.4528	1.7348	0.9667	0.9357	1.4146	2.9435	0.9713	1.0669	0.9396	0.9394	0.9436	0.9455	0.9489	1.5473	0.938	0.9417	2.2919	0.9585	0.9517	0.9438	0.9729	0.937	1.4055	0.9456	1.9548	0.942	0.9622	3.2344	1.3902	0.9496	2.5763	1.6139	0.9435	0.9308	1.0152	1.9801	0.9585	0.9493	1.0768	5.0296	1.0883	0.9598	0.943
  _	0.9762	0.9709	0.9785	0.9789	0.9792	0.9487	0.9744	0.9393	0.9568	0.9386	0.9314	0.9794	0.9404	0.9786	0.9648	0.942	0.9488	0.9669	0.98	0.9512	0.9396	0.9587	0.9571	0.9805	0.9667	0.9595	0.9741	0.9477	0.963	0.9422	0	0.9606	0.9666	0.9486	0.9261	0.969	0.9685	0.9226	0.9585	0.965	0.9741	0.9739	0.9502	0.7106	0.8812	0.9739	0.9805	0.9389	0.9913	1.3045	0.9332	0.9794	0.9373	0.971	0.9431	0.9736	0.9671	0.952	0.9807	0.9576	0.9419	0.9789	0.9461	0.9596	0.9712	0.9746	0.8991	0.9771	0.9733	0.9805	0.9789	0.979	0.911	0.9408	0.9596	0.9639	0.9726	0.952	0.9789	0.9371	0.9802	0.9754	0.9782	0.9418	0.9369	0.9554	0.9794	0.9418	0.8521	0.9582	0.971	0.9804	0.9487	0.9745	0.9565	0.9625	0.221	0.9395	0.971	0.8997	0.9459	0.9799	0.9494	0.9428	0.9804	0.9478	0.9135	0.8688	0.9398	0.969	0.9793	0.8506	0.9686	0.9753	0.9787
  `	0.9559	0.9542	0.9594	0.9612	0.9589	0.935	0.9538	0.9316	1.3727	0.928	0.9237	0.9607	0.9294	0.9574	0.9489	0.9333	0.9378	0.9524	0.9618	0.9303	0.9338	1.4055	0.9452	0.9599	1.4206	0.9383	0.9532	0.9299	0.9505	0.9309	0.9606	0	0.9468	0.9338	0.9171	0.9475	0.9548	0.9142	0.9478	0.9486	0.9555	0.9528	1.4148	0.6617	0.8649	0.9581	0.9597	0.9293	1.3892	0.8959	0.9243	0.9592	0.9314	0.9521	0.9285	0.9538	0.9556	0.9324	0.9601	0.9396	1.0812	0.9657	0.9316	0.9493	0.9528	0.9674	0.888	0.9575	0.9547	0.96	0.9587	0.9587	0.9041	0.9273	0.95	0.9439	0.9548	0.9405	0.9602	0.9292	0.9594	0.9553	0.9593	0.9292	0.9271	0.9495	0.958	0.9269	1.2518	0.9503	0.9504	0.9616	0.9388	0.9534	0.9373	0.9462	0.173	0.9262	0.9623	0.8895	0.9306	0.9589	0.936	0.9293	0.9616	0.9287	0.9038	1.2981	0.9338	0.9497	0.9585	0.8402	0.9531	0.9613	0.9597
  a	0.9624	0.9598	0.9653	0.9666	0.9652	0.9416	0.9605	0.9361	0.9493	0.9333	0.9284	0.9711	0.9347	0.964	0.9547	0.9379	0.9428	1.5902	0.9674	0.9381	0.9358	1.8244	0.95	0.9661	1.5354	1.0953	0.9742	1.9045	0.9552	1.2375	0.9666	0.9468	0	0.9399	0.9232	0.9546	0.96	0.9322	0.9522	1.4319	0.9614	1.3488	0.9459	0.6778	0.8746	0.9631	0.966	0.9344	0.9323	0.9031	0.9457	0.9654	0.9354	0.9584	0.9348	1.9213	0.9599	0.9398	0.9663	1.422	0.9333	0.9698	0.9379	0.9535	0.959	0.97	1.206	1.0427	0.9611	0.9668	0.9649	0.9649	0.91	0.9346	0.9717	0.9508	0.9608	1.0385	0.9659	0.9338	0.9657	0.9617	0.9654	0.9453	0.9324	0.9546	0.9645	1.3979	5.2299	0.9538	0.9573	0.9675	0.9434	0.9602	0.9537	0.9523	0.1864	0.9325	0.9655	0.9186	0.937	0.9653	0.9429	0.9355	0.9673	0.9361	0.9103	0.9131	0.9377	1.0885	0.9649	0.8975	0.9585	0.9658	0.9656
  b	0.9449	0.9482	0.948	0.9509	0.9466	1.4127	0.9434	0.9459	0.9447	1.4039	0.9417	0.9495	0.9407	0.9448	0.9457	1.4055	0.945	0.9499	0.9507	0.9288	0.944	0.9361	0.9482	0.9466	0.9403	0.9334	0.9427	0.9332	0.9515	0.9415	0.9486	0.9338	0.9399	0	0.9365	0.9386	0.952	0.9361	0.951	0.9456	0.9464	0.9424	0.9504	2.8633	0.8942	0.9513	1.2941	0.9428	3.0809	0.9229	0.9397	0.9473	1.1078	0.9444	0.9356	0.944	0.9554	0.9315	0.9468	0.9392	0.9335	0.9584	0.9371	0.9525	0.9456	0.9666	0.915	0.9469	1.0158	0.9468	0.9464	0.9463	1.3952	1.2041	0.9538	0.9384	0.947	0.9506	0.9492	0.9442	0.9464	0.9448	1.4246	1.3354	0.9409	0.9585	0.9448	1.7599	1.3098	0.9556	0.9416	0.9498	0.9477	0.9425	0.9356	1.4157	0.7323	0.9393	0.9621	0.9216	0.9739	0.9457	1.005	1.7843	0.9497	0.9301	1.3354	0.9006	0.9487	0.9423	0.9456	0.8869	0.9492	0.955	0.9484
  c	0.9235	1.4013	0.9775	0.9307	0.9234	0.9413	1.8337	1.0992	2.4908	1.0508	1.6172	0.9283	3.0899	0.9288	1.1898	0.9558	1.5291	1.2483	1.2413	0.9164	1.3261	0.9754	1.3281	0.9226	0.9232	0.9197	1.1077	1.1485	1.7179	2.5126	0.9261	0.9171	0.9232	0.9365	0	1.0749	0.9422	4.6464	1.0618	0.9363	2.6852	0.9201	1.8528	3.1841	0.9184	0.9368	0.9223	1.202	1.6636	2.8417	1.6922	0.9249	1.3565	1.4012	1.0754	0.9243	0.9499	1.376	0.9256	0.9283	3.6313	0.944	0.9373	1.1361	0.9286	0.9621	1.4857	0.9254	2.5343	0.9231	1.0933	0.9236	1.7372	2.1554	1.4462	0.925	0.9299	2.0594	1.134	1.5815	0.9223	0.9239	1.0316	1.4972	1.3108	1.4695	0.9205	2.2572	2.1565	0.9576	1.7149	0.9281	1.1855	0.9206	1.7069	1.1476	4.4301	0.9566	0.9577	3.0435	1.1414	0.965	2.5133	3.3864	0.9277	1.0268	1.6707	2.0914	1.177	0.9255	0.9218	1.886	0.9384	0.9412	0.9273
  d	0.9643	0.9609	0.9674	0.9687	0.9675	0.9392	0.9623	0.9329	0.948	0.9308	0.9246	0.9686	0.932	0.9663	0.9549	0.9351	0.9409	0.9578	0.9695	0.9379	0.9328	0.9465	0.9491	0.9687	0.9548	0.9462	0.9617	0.9374	0.955	0.9339	0.969	0.9475	0.9546	0.9386	1.0749	0	0.9599	0.9172	0.9512	0.9549	0.9631	0.9616	0.9437	0.8414	0.8678	0.9644	0.9685	0.9314	0.9284	0.8968	0.9257	0.9677	0.9318	0.9597	1.3259	0.9619	0.9597	0.9395	0.9689	0.9462	0.9318	0.9712	0.9362	0.9527	0.9602	0.97	0.8891	0.9657	0.9622	0.9686	1.4477	0.9672	0.9038	0.9312	0.953	0.9516	0.962	0.944	0.9681	0.9304	0.9682	0.9635	0.9673	0.9327	0.9291	0.9507	0.967	0.9315	0.8369	0.9524	4.3275	0.9696	0.9416	0.9621	0.9443	0.9522	0.1706	0.93	0.9655	0.8901	0.9359	0.9678	0.9402	0.9332	0.9695	0.9354	0.905	0.8586	0.9343	0.9573	0.9673	0.8395	0.9591	0.967	0.9677
  e	0.9653	0.9645	0.9675	0.9687	0.9672	1.057	0.9641	0.9509	1.1559	0.9481	0.9459	0.9686	1.1854	0.9661	0.9611	0.9519	0.9544	0.964	0.9691	0.9489	0.9505	0.955	0.9588	0.9677	0.9597	0.9543	0.9637	0.9494	0.9626	0.9512	0.9685	0.9548	0.96	0.952	0.9422	0.9599	0	0.9404	1.4419	0.9611	0.965	0.9633	0.9574	0.9383	0.9059	0.9671	0.9677	0.9496	1.7991	0.9275	0.9462	0.9677	0.9507	0.9631	0.9533	0.9642	0.9661	0.9503	0.9679	1.355	0.9471	0.9718	0.9503	0.9616	0.9635	0.9733	0.922	0.9668	0.9648	0.9681	0.967	0.967	1.8636	0.9481	0.9623	0.9579	0.9648	0.9563	0.9681	0.9492	0.9676	0.965	1.2774	0.9492	0.9478	0.9649	0.9665	0.9477	1.6838	0.9623	0.9618	0.969	0.9551	0.9637	0.9543	0.9596	0.8526	0.947	0.9701	0.9328	0.9497	0.9671	0.9539	0.9496	0.9689	0.948	0.9325	0.903	0.9536	1.0264	0.9668	0.8915	0.9639	0.9689	0.9677
  f	0.9256	1.3615	0.9363	0.9275	0.9195	1.1638	0.9977	1.4967	1.5855	0.9486	0.9721	0.9356	2.071	0.9215	0.9323	1.0123	0.9532	1.0988	0.9269	0.9141	1.0822	0.9211	0.9761	0.9186	0.9201	1.3716	1.8519	1.3359	0.9443	3.136	0.9226	0.9142	0.9322	0.9361	4.6464	0.9172	0.9404	0	0.997	1.3224	0.9247	0.9169	1.0916	7.3341	0.9347	0.9339	0.9183	1.3273	1.5931	3.6666	1.6323	0.9215	1.7283	0.9236	1.6172	0.9212	1.4027	0.9182	1.0763	0.9583	3.2586	0.9416	0.9883	1.4253	1.3683	0.9615	0.9444	0.9223	1.0104	1.0061	1.208	1.0239	1.5313	1.7657	1.5433	1.0788	0.9276	1.4311	1.1957	2.4287	0.9183	0.9255	0.9262	1.1601	1.8471	2.3331	0.9163	2.1978	3.4534	0.9576	0.9217	0.9245	1.0962	0.9223	2.4861	2.5302	6.395	1.1643	1.3947	2.7302	0.9379	1.0004	2.7867	2.7714	0.9241	0.9199	1.2778	0.9606	1.3352	1.2107	0.9179	1.3139	0.9351	0.9388	0.9244
  g	0.9558	0.9582	1.2871	0.96	0.957	0.9692	0.955	0.9562	0.9557	0.9518	0.953	0.9592	0.9529	0.9557	0.9563	0.9559	0.9675	0.9595	0.9601	0.9442	0.9549	0.9496	0.9578	0.9572	0.9525	0.9656	0.9542	0.9469	0.9601	0.9532	0.9585	0.9478	0.9522	0.951	1.0618	0.9512	1.4419	0.997	0	0.9559	0.9569	0.9538	1.0364	0.8153	0.9181	0.9606	0.957	0.9533	0.9522	1.405	0.952	0.9579	1.0948	0.9553	0.9487	0.9552	0.9814	1.4192	0.9573	0.9508	1.8559	0.9655	0.9502	0.961	0.9579	0.9712	0.934	0.957	0.9565	0.9572	0.957	0.9569	1.2672	0.9492	0.9622	0.9512	0.9573	0.9566	0.9589	0.9549	0.957	0.9559	0.9591	0.9513	0.9525	0.9743	0.9558	0.9482	0.9022	0.9633	0.9531	0.9594	0.9571	0.9541	0.949	0.9552	1.641	0.9493	0.968	0.9368	0.9493	0.9565	0.9534	0.9513	0.9593	0.949	0.9418	1.0074	0.9582	0.9538	0.9564	0.9121	0.9584	0.963	0.9585
  h	1.3404	0.9605	0.964	0.9655	0.9636	0.9755	0.96	1.2343	0.9525	0.9411	0.9384	0.9651	0.9426	0.9625	0.9566	0.9453	0.9484	1.3752	0.9659	0.9417	0.9437	0.9491	0.9538	0.9642	0.9546	0.948	0.9596	0.945	0.9581	1.0465	0.965	0.9486	1.4319	0.9456	0.9363	0.9549	0.9611	1.3224	0.9559	0	0.9611	0.959	1.8977	1.3875	0.8914	0.9635	0.9641	0.9427	1.0469	1.0181	0.9387	0.964	0.965	1.4467	0.9411	1.8987	0.9621	0.9434	0.9644	0.9497	0.9399	0.9692	0.9433	0.9572	0.9595	0.9711	0.9101	0.9627	0.9605	0.9644	0.9633	0.9633	0.9236	1.4479	0.958	0.9523	0.9607	0.995	0.9648	0.9425	0.9639	0.9609	0.9641	0.9424	0.9409	0.9582	0.9628	0.9431	1.7361	0.958	0.9572	0.9657	0.9498	0.9595	0.9818	0.9546	0.4624	0.9398	0.9673	0.9127	0.9428	0.9635	1.4613	0.943	0.9656	0.9407	1.5515	1.31	0.9459	0.957	0.9632	1.7206	0.9672	0.9658	0.9643
  i	0.97	0.9664	0.9725	0.9733	0.9728	0.9471	0.9685	0.9406	1.349	0.9389	0.9331	0.9734	0.9407	0.9719	0.9612	0.9428	0.948	0.9641	0.9742	0.947	0.9405	1.3968	0.9553	0.9738	0.9615	0.9546	0.968	0.945	1.4408	0.942	0.9741	0.9555	0.9614	0.9464	2.6852	0.9631	0.965	0.9247	0.9569	0.9611	0	0.9677	0.9501	1.0362	0.884	0.9694	0.9737	0.9395	0.9368	1.8369	0.9345	0.973	0.939	0.9658	0.9416	0.9678	0.9648	0.9482	0.9741	0.9539	0.9409	0.9748	0.9444	0.9582	0.9717	0.9728	0.9024	0.9711	1.0671	0.9738	0.9725	0.9725	0.9147	0.94	0.9583	0.9589	0.9675	0.9511	0.973	0.9383	0.9735	0.9693	0.9724	0.9418	1.3216	0.9557	0.9725	0.9408	0.8589	0.9575	0.9653	0.9743	0.9483	1.4596	0.9527	0.9589	0.2803	0.9389	0.969	1.2351	0.9441	0.9731	0.9482	1.3642	0.9743	0.9445	0.9161	0.8748	0.9415	0.9637	0.9727	1.2859	0.9648	0.9712	0.9727
  j	0.9694	0.965	0.9721	0.9732	0.9727	0.9426	0.9674	0.935	0.9511	0.9332	0.9265	0.9732	0.9348	0.9716	0.9589	0.9371	0.9435	0.9614	0.974	0.943	1.4279	1.1733	0.9521	0.9738	2.9628	0.9516	0.967	0.9404	0.9581	0.9366	0.9739	0.9528	1.3488	0.9424	0.9201	0.9616	0.9633	0.9169	0.9538	0.959	0.9677	0	0.9459	0.9181	0.8719	0.9686	0.9737	0.9337	0.9308	0.8994	0.928	0.9727	0.9331	0.9644	0.9365	0.9668	0.9625	0.9443	0.974	0.9506	0.9353	0.9744	0.9397	0.9553	1.0682	0.9717	0.907	0.9706	0.967	0.9738	0.9722	0.9723	0.9054	0.9347	0.9553	0.9565	0.9664	0.9469	0.9728	0.9322	0.9734	0.9686	0.972	0.9357	0.9316	0.9522	0.9724	0.9352	1.2608	0.9544	0.964	0.9743	0.9441	0.9674	0.9492	0.9565	0.173	0.9332	0.9675	0.893	0.9393	0.9731	0.9438	0.9365	0.9742	0.9401	0.9074	1.533	0.9356	0.9632	0.9725	0.8417	0.963	0.9704	0.9724
  k	0.9528	0.9532	0.9503	0.9528	0.9491	1.0345	0.9476	0.9613	0.9544	0.9546	0.9592	0.9516	1.5147	0.9469	0.9523	0.9591	1.0383	1.3248	0.9526	0.9394	0.9596	0.9471	0.9568	0.9484	0.9464	0.9417	0.9466	0.9456	0.9583	1.2434	0.9502	1.4148	0.9459	0.9504	1.8528	0.9437	0.9574	1.0916	1.0364	1.8977	0.9501	0.9459	0	1.7534	3.7079	0.9557	0.9481	0.9583	0.9568	0.9486	1.4582	0.9496	1.5467	0.9494	0.9485	0.948	0.9613	0.9418	0.9483	0.9483	0.9479	0.9604	0.9497	0.9604	0.9499	0.9698	1.416	0.9492	0.9526	0.9485	0.9486	0.9485	1.4776	1.0476	1.5469	1.4182	0.9511	0.9848	0.9515	0.9638	0.9482	0.9483	0.9513	1.0739	1.2121	0.9822	0.9468	1.4175	1.9587	0.9643	0.9459	0.9514	1.1986	0.9461	0.9645	1.7751	3.2584	0.951	0.9666	1.4337	0.9514	0.9477	1.8919	0.9532	0.9513	1.4883	1.2704	3.8268	1.017	0.949	0.9476	3.666	1.0484	0.958	0.9507
  l	0.8504	0.8993	0.6833	1.2268	0.8747	1.0295	0.6711	5.2967	1.4663	3.3431	6.9384	1.0269	1.2851	0.6623	0.8161	2.4175	0.8179	0.8706	0.6947	0.7212	4.6891	0.6907	1.5469	0.6652	0.6805	0.6648	0.6818	1.4746	1.5498	2.1317	0.7106	0.6617	0.6778	2.8633	3.1841	0.8414	0.9383	7.3341	0.8153	1.3875	1.0362	0.9181	1.7534	0	2.552	1.1191	0.6642	3.0603	2.7094	5.0015	3.0844	0.6783	1.709	0.8174	1.2801	0.6928	0.8067	0.6832	0.6651	1.016	1.6521	0.7582	1.3616	2.4212	0.9903	0.917	2.1018	0.6781	0.6902	0.6657	0.9996	0.6694	2.5742	3.0307	1.9254	0.7055	0.7734	1.727	1.4661	2.1877	0.6643	0.6737	1.3376	1.9832	1.966	4.6474	0.6577	2.7241	2.345	0.8629	0.9344	0.6869	3.6119	0.6624	0.9327	0.7655	32.2799	2.617	1.1017	6.1726	1.6674	0.6638	2.3349	2.8061	0.6857	1.0391	3.6887	9.2384	1.9385	0.6877	0.6746	4.4026	1.6805	0.7491	0.6848
  m	0.8768	0.8929	0.8829	0.89	0.8777	0.9002	0.8744	1.4293	0.9007	0.9123	1.3914	0.8855	0.9108	0.8731	0.8934	0.9246	0.9138	1.481	0.8888	0.863	0.9514	0.874	1.3667	0.8766	0.8758	0.8646	0.8728	0.8777	0.936	1.3535	0.8812	0.8649	0.8746	0.8942	0.9184	0.8678	0.9059	0.9347	0.9181	0.8914	0.884	0.8719	3.7079	2.552	0	0.8974	0.8761	0.9178	1.2095	0.9169	4.0255	0.8792	0.9378	0.8816	0.8924	0.8778	0.9184	0.8694	0.8767	0.8802	0.8886	0.9126	0.8937	0.9209	1.3264	0.9431	0.8929	0.8803	0.8832	0.8768	0.8779	0.8776	0.9233	0.8973	1.6545	0.8735	0.8876	0.9121	0.8854	0.9274	0.8761	0.8774	0.8843	0.9033	0.9168	0.945	0.8728	1.3372	0.8354	0.9332	0.8728	0.8858	3.2043	0.8722	0.8745	0.8913	0.6558	4.0455	0.9338	0.9035	0.8897	0.8748	0.9014	0.9004	0.8853	0.8706	0.9069	0.894	1.0185	0.878	0.8752	0.8786	0.8975	0.9073	0.8842
  n	0.9704	0.9678	0.9726	0.9736	0.9727	1.4277	0.9694	0.9473	0.9582	0.9453	0.9408	0.9736	1.1535	0.972	0.9637	0.9486	0.9531	0.9658	0.9741	0.9508	0.9473	0.958	0.959	0.9735	0.9635	0.9572	0.9687	0.95	0.9636	0.9484	0.9739	0.9581	0.9631	0.9513	0.9368	0.9644	0.9671	0.9339	0.9606	0.9635	0.9694	0.9686	0.9557	1.1191	0.8974	0	0.9734	0.9462	0.9438	0.9361	0.9419	1.2866	0.9462	0.9671	0.9471	0.9722	0.9675	0.952	0.9737	0.957	0.946	0.9753	0.9495	0.9617	0.9673	0.9744	0.9144	0.9713	0.9689	0.9735	0.9724	0.9725	0.9315	1.0807	0.962	0.9611	0.9686	0.9556	0.9731	0.9453	0.9732	0.9699	0.9726	0.9472	0.9445	0.9603	0.9724	0.9464	0.8734	1.2654	0.9663	0.9742	0.9535	0.9692	0.9559	0.9617	0.4913	0.9451	0.9712	0.9152	0.9493	0.973	0.9527	0.9475	0.9741	0.9489	0.9261	1.6181	0.9481	0.9651	0.9725	1.3134	0.9665	0.9723	0.9728
